image: /home/ttrung149/create2_ws/src/create2_navigation/maps/map.pgm
resolution: 0.030000
origin: [-12.570000, -16.410000, 0.000000]
negate: 0
occupied_thresh: 0.65
free_thresh: 0.196

