image: /home/ttrung149/create2_ws/src/create2_navigation/maps/map2.pgm
resolution: 0.030000
origin: [-15.450000, -12.570000, 0.000000]
negate: 0
occupied_thresh: 0.65
free_thresh: 0.196

